{
 "cells": [
  {
   "cell_type": "markdown",
   "metadata": {},
   "source": [
    "<h1 align=\"center\"> Principal Component Analysis </h1>\n",
    "<h3 align=\"center\"> IST 5520, Fall 2022 </h3>\n",
    "<h4 align=\"center\"> By: Langtao Chen </h4>\n",
    "<h4 align=\"center\"> Update: 10/12/2022 </h4>"
   ]
  },
  {
   "cell_type": "code",
   "execution_count": 1,
   "metadata": {},
   "outputs": [],
   "source": [
    "# Import modules and set inline mode\n",
    "import pandas as pd\n",
    "import numpy as np\n",
    "from sklearn.decomposition import PCA\n",
    "import matplotlib.pyplot as plt\n",
    "from sklearn.preprocessing import scale"
   ]
  },
  {
   "cell_type": "markdown",
   "metadata": {},
   "source": [
    "## 1. Data"
   ]
  },
  {
   "cell_type": "markdown",
   "metadata": {},
   "source": [
    "In this section, we use the cereal dataset at http://lib.stat.cmu.edu/DASL/Datafiles/Cereals.html\n",
    "\n",
    "The dataset contain 77 cereals.\n",
    "\n",
    "Variable Names:\n",
    "\n",
    "- Name: Name of cereal\n",
    "- mfr: Manufacturer of cereal where A = American Home Food Products; G = General Mills; K = Kelloggs; N = Nabisco; P = Post; Q = Quaker Oats; R = Ralston Purina\n",
    "- type: cold or hot\n",
    "- calories: calories per serving\n",
    "- protein: grams of protein\n",
    "- fat: grams of fat\n",
    "- sodium: milligrams of sodium\n",
    "- fiber: grams of dietary fiber\n",
    "- carbo: grams of complex carbohydrates\n",
    "- sugars: grams of sugars\n",
    "- potass: milligrams of potassium\n",
    "- vitamins: vitamins and minerals - 0, 25, or 100, indicating the typical percentage of FDA recommended\n",
    "- shelf: display shelf (1, 2, or 3, counting from the floor)\n",
    "- weight: weight in ounces of one serving\n",
    "- cups: number of cups in one serving\n",
    "- rating: a rating of the cereals"
   ]
  },
  {
   "cell_type": "code",
   "execution_count": 2,
   "metadata": {
    "scrolled": true
   },
   "outputs": [
    {
     "data": {
      "text/html": [
       "<div>\n",
       "<style scoped>\n",
       "    .dataframe tbody tr th:only-of-type {\n",
       "        vertical-align: middle;\n",
       "    }\n",
       "\n",
       "    .dataframe tbody tr th {\n",
       "        vertical-align: top;\n",
       "    }\n",
       "\n",
       "    .dataframe thead th {\n",
       "        text-align: right;\n",
       "    }\n",
       "</style>\n",
       "<table border=\"1\" class=\"dataframe\">\n",
       "  <thead>\n",
       "    <tr style=\"text-align: right;\">\n",
       "      <th></th>\n",
       "      <th>name</th>\n",
       "      <th>mfr</th>\n",
       "      <th>type</th>\n",
       "      <th>calories</th>\n",
       "      <th>protein</th>\n",
       "      <th>fat</th>\n",
       "      <th>sodium</th>\n",
       "      <th>fiber</th>\n",
       "      <th>carbo</th>\n",
       "      <th>sugars</th>\n",
       "      <th>potass</th>\n",
       "      <th>vitamins</th>\n",
       "      <th>shelf</th>\n",
       "      <th>weight</th>\n",
       "      <th>cups</th>\n",
       "      <th>rating</th>\n",
       "    </tr>\n",
       "  </thead>\n",
       "  <tbody>\n",
       "    <tr>\n",
       "      <th>35</th>\n",
       "      <td>Honey_Graham_Ohs</td>\n",
       "      <td>Q</td>\n",
       "      <td>C</td>\n",
       "      <td>120</td>\n",
       "      <td>1</td>\n",
       "      <td>2</td>\n",
       "      <td>220</td>\n",
       "      <td>1.0</td>\n",
       "      <td>12.0</td>\n",
       "      <td>11</td>\n",
       "      <td>45</td>\n",
       "      <td>25</td>\n",
       "      <td>2</td>\n",
       "      <td>1.0</td>\n",
       "      <td>1.00</td>\n",
       "      <td>21.871292</td>\n",
       "    </tr>\n",
       "    <tr>\n",
       "      <th>71</th>\n",
       "      <td>Total_Whole_Grain</td>\n",
       "      <td>G</td>\n",
       "      <td>C</td>\n",
       "      <td>100</td>\n",
       "      <td>3</td>\n",
       "      <td>1</td>\n",
       "      <td>200</td>\n",
       "      <td>3.0</td>\n",
       "      <td>16.0</td>\n",
       "      <td>3</td>\n",
       "      <td>110</td>\n",
       "      <td>100</td>\n",
       "      <td>3</td>\n",
       "      <td>1.0</td>\n",
       "      <td>1.00</td>\n",
       "      <td>46.658844</td>\n",
       "    </tr>\n",
       "    <tr>\n",
       "      <th>26</th>\n",
       "      <td>Frosted_Mini-Wheats</td>\n",
       "      <td>K</td>\n",
       "      <td>C</td>\n",
       "      <td>100</td>\n",
       "      <td>3</td>\n",
       "      <td>0</td>\n",
       "      <td>0</td>\n",
       "      <td>3.0</td>\n",
       "      <td>14.0</td>\n",
       "      <td>7</td>\n",
       "      <td>100</td>\n",
       "      <td>25</td>\n",
       "      <td>2</td>\n",
       "      <td>1.0</td>\n",
       "      <td>0.80</td>\n",
       "      <td>58.345141</td>\n",
       "    </tr>\n",
       "    <tr>\n",
       "      <th>67</th>\n",
       "      <td>Special_K</td>\n",
       "      <td>K</td>\n",
       "      <td>C</td>\n",
       "      <td>110</td>\n",
       "      <td>6</td>\n",
       "      <td>0</td>\n",
       "      <td>230</td>\n",
       "      <td>1.0</td>\n",
       "      <td>16.0</td>\n",
       "      <td>3</td>\n",
       "      <td>55</td>\n",
       "      <td>25</td>\n",
       "      <td>1</td>\n",
       "      <td>1.0</td>\n",
       "      <td>1.00</td>\n",
       "      <td>53.131324</td>\n",
       "    </tr>\n",
       "    <tr>\n",
       "      <th>17</th>\n",
       "      <td>Corn_Pops</td>\n",
       "      <td>K</td>\n",
       "      <td>C</td>\n",
       "      <td>110</td>\n",
       "      <td>1</td>\n",
       "      <td>0</td>\n",
       "      <td>90</td>\n",
       "      <td>1.0</td>\n",
       "      <td>13.0</td>\n",
       "      <td>12</td>\n",
       "      <td>20</td>\n",
       "      <td>25</td>\n",
       "      <td>2</td>\n",
       "      <td>1.0</td>\n",
       "      <td>1.00</td>\n",
       "      <td>35.782791</td>\n",
       "    </tr>\n",
       "    <tr>\n",
       "      <th>50</th>\n",
       "      <td>Nutri-grain_Wheat</td>\n",
       "      <td>K</td>\n",
       "      <td>C</td>\n",
       "      <td>90</td>\n",
       "      <td>3</td>\n",
       "      <td>0</td>\n",
       "      <td>170</td>\n",
       "      <td>3.0</td>\n",
       "      <td>18.0</td>\n",
       "      <td>2</td>\n",
       "      <td>90</td>\n",
       "      <td>25</td>\n",
       "      <td>3</td>\n",
       "      <td>1.0</td>\n",
       "      <td>1.00</td>\n",
       "      <td>59.642837</td>\n",
       "    </tr>\n",
       "    <tr>\n",
       "      <th>11</th>\n",
       "      <td>Cheerios</td>\n",
       "      <td>G</td>\n",
       "      <td>C</td>\n",
       "      <td>110</td>\n",
       "      <td>6</td>\n",
       "      <td>2</td>\n",
       "      <td>290</td>\n",
       "      <td>2.0</td>\n",
       "      <td>17.0</td>\n",
       "      <td>1</td>\n",
       "      <td>105</td>\n",
       "      <td>25</td>\n",
       "      <td>1</td>\n",
       "      <td>1.0</td>\n",
       "      <td>1.25</td>\n",
       "      <td>50.764999</td>\n",
       "    </tr>\n",
       "    <tr>\n",
       "      <th>25</th>\n",
       "      <td>Frosted_Flakes</td>\n",
       "      <td>K</td>\n",
       "      <td>C</td>\n",
       "      <td>110</td>\n",
       "      <td>1</td>\n",
       "      <td>0</td>\n",
       "      <td>200</td>\n",
       "      <td>1.0</td>\n",
       "      <td>14.0</td>\n",
       "      <td>11</td>\n",
       "      <td>25</td>\n",
       "      <td>25</td>\n",
       "      <td>1</td>\n",
       "      <td>1.0</td>\n",
       "      <td>0.75</td>\n",
       "      <td>31.435973</td>\n",
       "    </tr>\n",
       "    <tr>\n",
       "      <th>31</th>\n",
       "      <td>Golden_Grahams</td>\n",
       "      <td>G</td>\n",
       "      <td>C</td>\n",
       "      <td>110</td>\n",
       "      <td>1</td>\n",
       "      <td>1</td>\n",
       "      <td>280</td>\n",
       "      <td>0.0</td>\n",
       "      <td>15.0</td>\n",
       "      <td>9</td>\n",
       "      <td>45</td>\n",
       "      <td>25</td>\n",
       "      <td>2</td>\n",
       "      <td>1.0</td>\n",
       "      <td>0.75</td>\n",
       "      <td>23.804043</td>\n",
       "    </tr>\n",
       "    <tr>\n",
       "      <th>38</th>\n",
       "      <td>Just_Right_Crunchy__Nuggets</td>\n",
       "      <td>K</td>\n",
       "      <td>C</td>\n",
       "      <td>110</td>\n",
       "      <td>2</td>\n",
       "      <td>1</td>\n",
       "      <td>170</td>\n",
       "      <td>1.0</td>\n",
       "      <td>17.0</td>\n",
       "      <td>6</td>\n",
       "      <td>60</td>\n",
       "      <td>100</td>\n",
       "      <td>3</td>\n",
       "      <td>1.0</td>\n",
       "      <td>1.00</td>\n",
       "      <td>36.523683</td>\n",
       "    </tr>\n",
       "  </tbody>\n",
       "</table>\n",
       "</div>"
      ],
      "text/plain": [
       "                           name mfr type  calories  protein  fat  sodium  \\\n",
       "35             Honey_Graham_Ohs   Q    C       120        1    2     220   \n",
       "71            Total_Whole_Grain   G    C       100        3    1     200   \n",
       "26          Frosted_Mini-Wheats   K    C       100        3    0       0   \n",
       "67                    Special_K   K    C       110        6    0     230   \n",
       "17                    Corn_Pops   K    C       110        1    0      90   \n",
       "50            Nutri-grain_Wheat   K    C        90        3    0     170   \n",
       "11                     Cheerios   G    C       110        6    2     290   \n",
       "25               Frosted_Flakes   K    C       110        1    0     200   \n",
       "31               Golden_Grahams   G    C       110        1    1     280   \n",
       "38  Just_Right_Crunchy__Nuggets   K    C       110        2    1     170   \n",
       "\n",
       "    fiber  carbo  sugars  potass  vitamins  shelf  weight  cups     rating  \n",
       "35    1.0   12.0      11      45        25      2     1.0  1.00  21.871292  \n",
       "71    3.0   16.0       3     110       100      3     1.0  1.00  46.658844  \n",
       "26    3.0   14.0       7     100        25      2     1.0  0.80  58.345141  \n",
       "67    1.0   16.0       3      55        25      1     1.0  1.00  53.131324  \n",
       "17    1.0   13.0      12      20        25      2     1.0  1.00  35.782791  \n",
       "50    3.0   18.0       2      90        25      3     1.0  1.00  59.642837  \n",
       "11    2.0   17.0       1     105        25      1     1.0  1.25  50.764999  \n",
       "25    1.0   14.0      11      25        25      1     1.0  0.75  31.435973  \n",
       "31    0.0   15.0       9      45        25      2     1.0  0.75  23.804043  \n",
       "38    1.0   17.0       6      60       100      3     1.0  1.00  36.523683  "
      ]
     },
     "execution_count": 2,
     "metadata": {},
     "output_type": "execute_result"
    }
   ],
   "source": [
    "df = pd.read_csv('../Data/Cereals.txt', sep='\\t')\n",
    "df.sample(10)"
   ]
  },
  {
   "cell_type": "code",
   "execution_count": 3,
   "metadata": {},
   "outputs": [
    {
     "data": {
      "text/html": [
       "<div>\n",
       "<style scoped>\n",
       "    .dataframe tbody tr th:only-of-type {\n",
       "        vertical-align: middle;\n",
       "    }\n",
       "\n",
       "    .dataframe tbody tr th {\n",
       "        vertical-align: top;\n",
       "    }\n",
       "\n",
       "    .dataframe thead th {\n",
       "        text-align: right;\n",
       "    }\n",
       "</style>\n",
       "<table border=\"1\" class=\"dataframe\">\n",
       "  <thead>\n",
       "    <tr style=\"text-align: right;\">\n",
       "      <th></th>\n",
       "      <th>calories</th>\n",
       "      <th>protein</th>\n",
       "      <th>fat</th>\n",
       "      <th>sodium</th>\n",
       "      <th>fiber</th>\n",
       "      <th>carbo</th>\n",
       "      <th>sugars</th>\n",
       "      <th>potass</th>\n",
       "      <th>vitamins</th>\n",
       "      <th>shelf</th>\n",
       "      <th>weight</th>\n",
       "      <th>cups</th>\n",
       "      <th>rating</th>\n",
       "    </tr>\n",
       "  </thead>\n",
       "  <tbody>\n",
       "    <tr>\n",
       "      <th>calories</th>\n",
       "      <td>1.000000</td>\n",
       "      <td>0.019066</td>\n",
       "      <td>0.498610</td>\n",
       "      <td>0.300649</td>\n",
       "      <td>-0.293413</td>\n",
       "      <td>0.250681</td>\n",
       "      <td>0.562340</td>\n",
       "      <td>-0.066609</td>\n",
       "      <td>0.265356</td>\n",
       "      <td>0.097234</td>\n",
       "      <td>0.696091</td>\n",
       "      <td>0.087200</td>\n",
       "      <td>-0.689376</td>\n",
       "    </tr>\n",
       "    <tr>\n",
       "      <th>protein</th>\n",
       "      <td>0.019066</td>\n",
       "      <td>1.000000</td>\n",
       "      <td>0.208431</td>\n",
       "      <td>-0.054674</td>\n",
       "      <td>0.500330</td>\n",
       "      <td>-0.130864</td>\n",
       "      <td>-0.329142</td>\n",
       "      <td>0.549407</td>\n",
       "      <td>0.007335</td>\n",
       "      <td>0.133865</td>\n",
       "      <td>0.216158</td>\n",
       "      <td>-0.244469</td>\n",
       "      <td>0.470618</td>\n",
       "    </tr>\n",
       "    <tr>\n",
       "      <th>fat</th>\n",
       "      <td>0.498610</td>\n",
       "      <td>0.208431</td>\n",
       "      <td>1.000000</td>\n",
       "      <td>-0.005407</td>\n",
       "      <td>0.016719</td>\n",
       "      <td>-0.318043</td>\n",
       "      <td>0.270819</td>\n",
       "      <td>0.193279</td>\n",
       "      <td>-0.031156</td>\n",
       "      <td>0.263691</td>\n",
       "      <td>0.214625</td>\n",
       "      <td>-0.175892</td>\n",
       "      <td>-0.409284</td>\n",
       "    </tr>\n",
       "    <tr>\n",
       "      <th>sodium</th>\n",
       "      <td>0.300649</td>\n",
       "      <td>-0.054674</td>\n",
       "      <td>-0.005407</td>\n",
       "      <td>1.000000</td>\n",
       "      <td>-0.070675</td>\n",
       "      <td>0.355983</td>\n",
       "      <td>0.101451</td>\n",
       "      <td>-0.032603</td>\n",
       "      <td>0.361477</td>\n",
       "      <td>-0.069719</td>\n",
       "      <td>0.308576</td>\n",
       "      <td>0.119665</td>\n",
       "      <td>-0.401295</td>\n",
       "    </tr>\n",
       "    <tr>\n",
       "      <th>fiber</th>\n",
       "      <td>-0.293413</td>\n",
       "      <td>0.500330</td>\n",
       "      <td>0.016719</td>\n",
       "      <td>-0.070675</td>\n",
       "      <td>1.000000</td>\n",
       "      <td>-0.356083</td>\n",
       "      <td>-0.141205</td>\n",
       "      <td>0.903374</td>\n",
       "      <td>-0.032243</td>\n",
       "      <td>0.297539</td>\n",
       "      <td>0.247226</td>\n",
       "      <td>-0.513061</td>\n",
       "      <td>0.584160</td>\n",
       "    </tr>\n",
       "    <tr>\n",
       "      <th>carbo</th>\n",
       "      <td>0.250681</td>\n",
       "      <td>-0.130864</td>\n",
       "      <td>-0.318043</td>\n",
       "      <td>0.355983</td>\n",
       "      <td>-0.356083</td>\n",
       "      <td>1.000000</td>\n",
       "      <td>-0.331665</td>\n",
       "      <td>-0.349685</td>\n",
       "      <td>0.258148</td>\n",
       "      <td>-0.101790</td>\n",
       "      <td>0.135136</td>\n",
       "      <td>0.363932</td>\n",
       "      <td>0.052055</td>\n",
       "    </tr>\n",
       "    <tr>\n",
       "      <th>sugars</th>\n",
       "      <td>0.562340</td>\n",
       "      <td>-0.329142</td>\n",
       "      <td>0.270819</td>\n",
       "      <td>0.101451</td>\n",
       "      <td>-0.141205</td>\n",
       "      <td>-0.331665</td>\n",
       "      <td>1.000000</td>\n",
       "      <td>0.021696</td>\n",
       "      <td>0.125137</td>\n",
       "      <td>0.100438</td>\n",
       "      <td>0.450648</td>\n",
       "      <td>-0.032358</td>\n",
       "      <td>-0.759675</td>\n",
       "    </tr>\n",
       "    <tr>\n",
       "      <th>potass</th>\n",
       "      <td>-0.066609</td>\n",
       "      <td>0.549407</td>\n",
       "      <td>0.193279</td>\n",
       "      <td>-0.032603</td>\n",
       "      <td>0.903374</td>\n",
       "      <td>-0.349685</td>\n",
       "      <td>0.021696</td>\n",
       "      <td>1.000000</td>\n",
       "      <td>0.020699</td>\n",
       "      <td>0.360663</td>\n",
       "      <td>0.416303</td>\n",
       "      <td>-0.495195</td>\n",
       "      <td>0.380165</td>\n",
       "    </tr>\n",
       "    <tr>\n",
       "      <th>vitamins</th>\n",
       "      <td>0.265356</td>\n",
       "      <td>0.007335</td>\n",
       "      <td>-0.031156</td>\n",
       "      <td>0.361477</td>\n",
       "      <td>-0.032243</td>\n",
       "      <td>0.258148</td>\n",
       "      <td>0.125137</td>\n",
       "      <td>0.020699</td>\n",
       "      <td>1.000000</td>\n",
       "      <td>0.299262</td>\n",
       "      <td>0.320324</td>\n",
       "      <td>0.128405</td>\n",
       "      <td>-0.240544</td>\n",
       "    </tr>\n",
       "    <tr>\n",
       "      <th>shelf</th>\n",
       "      <td>0.097234</td>\n",
       "      <td>0.133865</td>\n",
       "      <td>0.263691</td>\n",
       "      <td>-0.069719</td>\n",
       "      <td>0.297539</td>\n",
       "      <td>-0.101790</td>\n",
       "      <td>0.100438</td>\n",
       "      <td>0.360663</td>\n",
       "      <td>0.299262</td>\n",
       "      <td>1.000000</td>\n",
       "      <td>0.190762</td>\n",
       "      <td>-0.335269</td>\n",
       "      <td>0.025159</td>\n",
       "    </tr>\n",
       "    <tr>\n",
       "      <th>weight</th>\n",
       "      <td>0.696091</td>\n",
       "      <td>0.216158</td>\n",
       "      <td>0.214625</td>\n",
       "      <td>0.308576</td>\n",
       "      <td>0.247226</td>\n",
       "      <td>0.135136</td>\n",
       "      <td>0.450648</td>\n",
       "      <td>0.416303</td>\n",
       "      <td>0.320324</td>\n",
       "      <td>0.190762</td>\n",
       "      <td>1.000000</td>\n",
       "      <td>-0.199583</td>\n",
       "      <td>-0.298124</td>\n",
       "    </tr>\n",
       "    <tr>\n",
       "      <th>cups</th>\n",
       "      <td>0.087200</td>\n",
       "      <td>-0.244469</td>\n",
       "      <td>-0.175892</td>\n",
       "      <td>0.119665</td>\n",
       "      <td>-0.513061</td>\n",
       "      <td>0.363932</td>\n",
       "      <td>-0.032358</td>\n",
       "      <td>-0.495195</td>\n",
       "      <td>0.128405</td>\n",
       "      <td>-0.335269</td>\n",
       "      <td>-0.199583</td>\n",
       "      <td>1.000000</td>\n",
       "      <td>-0.203160</td>\n",
       "    </tr>\n",
       "    <tr>\n",
       "      <th>rating</th>\n",
       "      <td>-0.689376</td>\n",
       "      <td>0.470618</td>\n",
       "      <td>-0.409284</td>\n",
       "      <td>-0.401295</td>\n",
       "      <td>0.584160</td>\n",
       "      <td>0.052055</td>\n",
       "      <td>-0.759675</td>\n",
       "      <td>0.380165</td>\n",
       "      <td>-0.240544</td>\n",
       "      <td>0.025159</td>\n",
       "      <td>-0.298124</td>\n",
       "      <td>-0.203160</td>\n",
       "      <td>1.000000</td>\n",
       "    </tr>\n",
       "  </tbody>\n",
       "</table>\n",
       "</div>"
      ],
      "text/plain": [
       "          calories   protein       fat    sodium     fiber     carbo  \\\n",
       "calories  1.000000  0.019066  0.498610  0.300649 -0.293413  0.250681   \n",
       "protein   0.019066  1.000000  0.208431 -0.054674  0.500330 -0.130864   \n",
       "fat       0.498610  0.208431  1.000000 -0.005407  0.016719 -0.318043   \n",
       "sodium    0.300649 -0.054674 -0.005407  1.000000 -0.070675  0.355983   \n",
       "fiber    -0.293413  0.500330  0.016719 -0.070675  1.000000 -0.356083   \n",
       "carbo     0.250681 -0.130864 -0.318043  0.355983 -0.356083  1.000000   \n",
       "sugars    0.562340 -0.329142  0.270819  0.101451 -0.141205 -0.331665   \n",
       "potass   -0.066609  0.549407  0.193279 -0.032603  0.903374 -0.349685   \n",
       "vitamins  0.265356  0.007335 -0.031156  0.361477 -0.032243  0.258148   \n",
       "shelf     0.097234  0.133865  0.263691 -0.069719  0.297539 -0.101790   \n",
       "weight    0.696091  0.216158  0.214625  0.308576  0.247226  0.135136   \n",
       "cups      0.087200 -0.244469 -0.175892  0.119665 -0.513061  0.363932   \n",
       "rating   -0.689376  0.470618 -0.409284 -0.401295  0.584160  0.052055   \n",
       "\n",
       "            sugars    potass  vitamins     shelf    weight      cups    rating  \n",
       "calories  0.562340 -0.066609  0.265356  0.097234  0.696091  0.087200 -0.689376  \n",
       "protein  -0.329142  0.549407  0.007335  0.133865  0.216158 -0.244469  0.470618  \n",
       "fat       0.270819  0.193279 -0.031156  0.263691  0.214625 -0.175892 -0.409284  \n",
       "sodium    0.101451 -0.032603  0.361477 -0.069719  0.308576  0.119665 -0.401295  \n",
       "fiber    -0.141205  0.903374 -0.032243  0.297539  0.247226 -0.513061  0.584160  \n",
       "carbo    -0.331665 -0.349685  0.258148 -0.101790  0.135136  0.363932  0.052055  \n",
       "sugars    1.000000  0.021696  0.125137  0.100438  0.450648 -0.032358 -0.759675  \n",
       "potass    0.021696  1.000000  0.020699  0.360663  0.416303 -0.495195  0.380165  \n",
       "vitamins  0.125137  0.020699  1.000000  0.299262  0.320324  0.128405 -0.240544  \n",
       "shelf     0.100438  0.360663  0.299262  1.000000  0.190762 -0.335269  0.025159  \n",
       "weight    0.450648  0.416303  0.320324  0.190762  1.000000 -0.199583 -0.298124  \n",
       "cups     -0.032358 -0.495195  0.128405 -0.335269 -0.199583  1.000000 -0.203160  \n",
       "rating   -0.759675  0.380165 -0.240544  0.025159 -0.298124 -0.203160  1.000000  "
      ]
     },
     "execution_count": 3,
     "metadata": {},
     "output_type": "execute_result"
    }
   ],
   "source": [
    "df.corr()"
   ]
  },
  {
   "cell_type": "markdown",
   "metadata": {},
   "source": [
    "From the above correlation table, we can find that variables are correlated. For example, corr(calories, fat) = 0.4986."
   ]
  },
  {
   "cell_type": "markdown",
   "metadata": {},
   "source": [
    "## 2. Normalize Data\n",
    "\n",
    "Only choose the numeric columns in the dataset to do the principal component analysis."
   ]
  },
  {
   "cell_type": "code",
   "execution_count": 4,
   "metadata": {},
   "outputs": [],
   "source": [
    "data_norm = scale(df.loc[:,'calories':'rating'])"
   ]
  },
  {
   "cell_type": "code",
   "execution_count": 5,
   "metadata": {},
   "outputs": [
    {
     "data": {
      "text/plain": [
       "numpy.ndarray"
      ]
     },
     "execution_count": 5,
     "metadata": {},
     "output_type": "execute_result"
    }
   ],
   "source": [
    "type(data_norm)"
   ]
  },
  {
   "cell_type": "code",
   "execution_count": 6,
   "metadata": {
    "scrolled": false
   },
   "outputs": [
    {
     "data": {
      "text/html": [
       "<div>\n",
       "<style scoped>\n",
       "    .dataframe tbody tr th:only-of-type {\n",
       "        vertical-align: middle;\n",
       "    }\n",
       "\n",
       "    .dataframe tbody tr th {\n",
       "        vertical-align: top;\n",
       "    }\n",
       "\n",
       "    .dataframe thead th {\n",
       "        text-align: right;\n",
       "    }\n",
       "</style>\n",
       "<table border=\"1\" class=\"dataframe\">\n",
       "  <thead>\n",
       "    <tr style=\"text-align: right;\">\n",
       "      <th></th>\n",
       "      <th>count</th>\n",
       "      <th>mean</th>\n",
       "      <th>std</th>\n",
       "      <th>min</th>\n",
       "      <th>25%</th>\n",
       "      <th>50%</th>\n",
       "      <th>75%</th>\n",
       "      <th>max</th>\n",
       "    </tr>\n",
       "  </thead>\n",
       "  <tbody>\n",
       "    <tr>\n",
       "      <th>0</th>\n",
       "      <td>77.0</td>\n",
       "      <td>-8.398765e-17</td>\n",
       "      <td>1.006557</td>\n",
       "      <td>-2.938605</td>\n",
       "      <td>-0.355585</td>\n",
       "      <td>0.161019</td>\n",
       "      <td>0.161019</td>\n",
       "      <td>2.744040</td>\n",
       "    </tr>\n",
       "    <tr>\n",
       "      <th>1</th>\n",
       "      <td>77.0</td>\n",
       "      <td>2.018587e-17</td>\n",
       "      <td>1.006557</td>\n",
       "      <td>-1.420902</td>\n",
       "      <td>-0.501495</td>\n",
       "      <td>0.417912</td>\n",
       "      <td>0.417912</td>\n",
       "      <td>3.176134</td>\n",
       "    </tr>\n",
       "    <tr>\n",
       "      <th>2</th>\n",
       "      <td>77.0</td>\n",
       "      <td>8.583502e-17</td>\n",
       "      <td>1.006557</td>\n",
       "      <td>-1.013072</td>\n",
       "      <td>-1.013072</td>\n",
       "      <td>-0.012988</td>\n",
       "      <td>0.987096</td>\n",
       "      <td>3.987349</td>\n",
       "    </tr>\n",
       "    <tr>\n",
       "      <th>3</th>\n",
       "      <td>77.0</td>\n",
       "      <td>5.767392e-18</td>\n",
       "      <td>1.006557</td>\n",
       "      <td>-1.917189</td>\n",
       "      <td>-0.356306</td>\n",
       "      <td>0.244034</td>\n",
       "      <td>0.604238</td>\n",
       "      <td>1.924986</td>\n",
       "    </tr>\n",
       "    <tr>\n",
       "      <th>4</th>\n",
       "      <td>77.0</td>\n",
       "      <td>9.155735e-17</td>\n",
       "      <td>1.006557</td>\n",
       "      <td>-0.908824</td>\n",
       "      <td>-0.486498</td>\n",
       "      <td>-0.064172</td>\n",
       "      <td>0.358155</td>\n",
       "      <td>5.003745</td>\n",
       "    </tr>\n",
       "    <tr>\n",
       "      <th>5</th>\n",
       "      <td>77.0</td>\n",
       "      <td>2.883696e-18</td>\n",
       "      <td>1.006557</td>\n",
       "      <td>-3.669045</td>\n",
       "      <td>-0.610998</td>\n",
       "      <td>-0.140530</td>\n",
       "      <td>0.565173</td>\n",
       "      <td>1.976579</td>\n",
       "    </tr>\n",
       "    <tr>\n",
       "      <th>6</th>\n",
       "      <td>77.0</td>\n",
       "      <td>-1.658125e-17</td>\n",
       "      <td>1.006557</td>\n",
       "      <td>-1.793978</td>\n",
       "      <td>-0.888166</td>\n",
       "      <td>0.017646</td>\n",
       "      <td>0.923458</td>\n",
       "      <td>1.829269</td>\n",
       "    </tr>\n",
       "    <tr>\n",
       "      <th>7</th>\n",
       "      <td>77.0</td>\n",
       "      <td>-7.353425e-17</td>\n",
       "      <td>1.006557</td>\n",
       "      <td>-1.370723</td>\n",
       "      <td>-0.791811</td>\n",
       "      <td>-0.085819</td>\n",
       "      <td>0.337776</td>\n",
       "      <td>3.302939</td>\n",
       "    </tr>\n",
       "    <tr>\n",
       "      <th>8</th>\n",
       "      <td>77.0</td>\n",
       "      <td>2.883696e-17</td>\n",
       "      <td>1.006557</td>\n",
       "      <td>-1.272550</td>\n",
       "      <td>-0.146270</td>\n",
       "      <td>-0.146270</td>\n",
       "      <td>-0.146270</td>\n",
       "      <td>3.232570</td>\n",
       "    </tr>\n",
       "    <tr>\n",
       "      <th>9</th>\n",
       "      <td>77.0</td>\n",
       "      <td>-1.095805e-16</td>\n",
       "      <td>1.006557</td>\n",
       "      <td>-1.460273</td>\n",
       "      <td>-1.460273</td>\n",
       "      <td>-0.251230</td>\n",
       "      <td>0.957813</td>\n",
       "      <td>0.957813</td>\n",
       "    </tr>\n",
       "    <tr>\n",
       "      <th>10</th>\n",
       "      <td>77.0</td>\n",
       "      <td>-1.881612e-16</td>\n",
       "      <td>1.006557</td>\n",
       "      <td>-3.542628</td>\n",
       "      <td>-0.198067</td>\n",
       "      <td>-0.198067</td>\n",
       "      <td>-0.198067</td>\n",
       "      <td>3.146493</td>\n",
       "    </tr>\n",
       "    <tr>\n",
       "      <th>11</th>\n",
       "      <td>77.0</td>\n",
       "      <td>1.492313e-16</td>\n",
       "      <td>1.006557</td>\n",
       "      <td>-2.469891</td>\n",
       "      <td>-0.653283</td>\n",
       "      <td>-0.307262</td>\n",
       "      <td>0.774053</td>\n",
       "      <td>2.936682</td>\n",
       "    </tr>\n",
       "    <tr>\n",
       "      <th>12</th>\n",
       "      <td>77.0</td>\n",
       "      <td>3.027881e-17</td>\n",
       "      <td>1.006557</td>\n",
       "      <td>-1.764349</td>\n",
       "      <td>-0.680121</td>\n",
       "      <td>-0.162334</td>\n",
       "      <td>0.584897</td>\n",
       "      <td>3.657211</td>\n",
       "    </tr>\n",
       "  </tbody>\n",
       "</table>\n",
       "</div>"
      ],
      "text/plain": [
       "    count          mean       std       min       25%       50%       75%  \\\n",
       "0    77.0 -8.398765e-17  1.006557 -2.938605 -0.355585  0.161019  0.161019   \n",
       "1    77.0  2.018587e-17  1.006557 -1.420902 -0.501495  0.417912  0.417912   \n",
       "2    77.0  8.583502e-17  1.006557 -1.013072 -1.013072 -0.012988  0.987096   \n",
       "3    77.0  5.767392e-18  1.006557 -1.917189 -0.356306  0.244034  0.604238   \n",
       "4    77.0  9.155735e-17  1.006557 -0.908824 -0.486498 -0.064172  0.358155   \n",
       "5    77.0  2.883696e-18  1.006557 -3.669045 -0.610998 -0.140530  0.565173   \n",
       "6    77.0 -1.658125e-17  1.006557 -1.793978 -0.888166  0.017646  0.923458   \n",
       "7    77.0 -7.353425e-17  1.006557 -1.370723 -0.791811 -0.085819  0.337776   \n",
       "8    77.0  2.883696e-17  1.006557 -1.272550 -0.146270 -0.146270 -0.146270   \n",
       "9    77.0 -1.095805e-16  1.006557 -1.460273 -1.460273 -0.251230  0.957813   \n",
       "10   77.0 -1.881612e-16  1.006557 -3.542628 -0.198067 -0.198067 -0.198067   \n",
       "11   77.0  1.492313e-16  1.006557 -2.469891 -0.653283 -0.307262  0.774053   \n",
       "12   77.0  3.027881e-17  1.006557 -1.764349 -0.680121 -0.162334  0.584897   \n",
       "\n",
       "         max  \n",
       "0   2.744040  \n",
       "1   3.176134  \n",
       "2   3.987349  \n",
       "3   1.924986  \n",
       "4   5.003745  \n",
       "5   1.976579  \n",
       "6   1.829269  \n",
       "7   3.302939  \n",
       "8   3.232570  \n",
       "9   0.957813  \n",
       "10  3.146493  \n",
       "11  2.936682  \n",
       "12  3.657211  "
      ]
     },
     "execution_count": 6,
     "metadata": {},
     "output_type": "execute_result"
    }
   ],
   "source": [
    "pd.DataFrame(data_norm).describe().transpose()"
   ]
  },
  {
   "cell_type": "markdown",
   "metadata": {},
   "source": [
    "From the above descriptive statistics, we can see that the standardization process converts all variables into ones that have 0 (very close to zero) as mean and 1 as standard error."
   ]
  },
  {
   "cell_type": "code",
   "execution_count": 7,
   "metadata": {},
   "outputs": [
    {
     "data": {
      "text/html": [
       "<div>\n",
       "<style scoped>\n",
       "    .dataframe tbody tr th:only-of-type {\n",
       "        vertical-align: middle;\n",
       "    }\n",
       "\n",
       "    .dataframe tbody tr th {\n",
       "        vertical-align: top;\n",
       "    }\n",
       "\n",
       "    .dataframe thead th {\n",
       "        text-align: right;\n",
       "    }\n",
       "</style>\n",
       "<table border=\"1\" class=\"dataframe\">\n",
       "  <thead>\n",
       "    <tr style=\"text-align: right;\">\n",
       "      <th></th>\n",
       "      <th>0</th>\n",
       "      <th>1</th>\n",
       "      <th>2</th>\n",
       "      <th>3</th>\n",
       "      <th>4</th>\n",
       "      <th>5</th>\n",
       "      <th>6</th>\n",
       "      <th>7</th>\n",
       "      <th>8</th>\n",
       "      <th>9</th>\n",
       "      <th>10</th>\n",
       "      <th>11</th>\n",
       "      <th>12</th>\n",
       "    </tr>\n",
       "  </thead>\n",
       "  <tbody>\n",
       "    <tr>\n",
       "      <th>0</th>\n",
       "      <td>1.000000</td>\n",
       "      <td>0.019066</td>\n",
       "      <td>0.498610</td>\n",
       "      <td>0.300649</td>\n",
       "      <td>-0.293413</td>\n",
       "      <td>0.250681</td>\n",
       "      <td>0.562340</td>\n",
       "      <td>-0.066609</td>\n",
       "      <td>0.265356</td>\n",
       "      <td>0.097234</td>\n",
       "      <td>0.696091</td>\n",
       "      <td>0.087200</td>\n",
       "      <td>-0.689376</td>\n",
       "    </tr>\n",
       "    <tr>\n",
       "      <th>1</th>\n",
       "      <td>0.019066</td>\n",
       "      <td>1.000000</td>\n",
       "      <td>0.208431</td>\n",
       "      <td>-0.054674</td>\n",
       "      <td>0.500330</td>\n",
       "      <td>-0.130864</td>\n",
       "      <td>-0.329142</td>\n",
       "      <td>0.549407</td>\n",
       "      <td>0.007335</td>\n",
       "      <td>0.133865</td>\n",
       "      <td>0.216158</td>\n",
       "      <td>-0.244469</td>\n",
       "      <td>0.470618</td>\n",
       "    </tr>\n",
       "    <tr>\n",
       "      <th>2</th>\n",
       "      <td>0.498610</td>\n",
       "      <td>0.208431</td>\n",
       "      <td>1.000000</td>\n",
       "      <td>-0.005407</td>\n",
       "      <td>0.016719</td>\n",
       "      <td>-0.318043</td>\n",
       "      <td>0.270819</td>\n",
       "      <td>0.193279</td>\n",
       "      <td>-0.031156</td>\n",
       "      <td>0.263691</td>\n",
       "      <td>0.214625</td>\n",
       "      <td>-0.175892</td>\n",
       "      <td>-0.409284</td>\n",
       "    </tr>\n",
       "    <tr>\n",
       "      <th>3</th>\n",
       "      <td>0.300649</td>\n",
       "      <td>-0.054674</td>\n",
       "      <td>-0.005407</td>\n",
       "      <td>1.000000</td>\n",
       "      <td>-0.070675</td>\n",
       "      <td>0.355983</td>\n",
       "      <td>0.101451</td>\n",
       "      <td>-0.032603</td>\n",
       "      <td>0.361477</td>\n",
       "      <td>-0.069719</td>\n",
       "      <td>0.308576</td>\n",
       "      <td>0.119665</td>\n",
       "      <td>-0.401295</td>\n",
       "    </tr>\n",
       "    <tr>\n",
       "      <th>4</th>\n",
       "      <td>-0.293413</td>\n",
       "      <td>0.500330</td>\n",
       "      <td>0.016719</td>\n",
       "      <td>-0.070675</td>\n",
       "      <td>1.000000</td>\n",
       "      <td>-0.356083</td>\n",
       "      <td>-0.141205</td>\n",
       "      <td>0.903374</td>\n",
       "      <td>-0.032243</td>\n",
       "      <td>0.297539</td>\n",
       "      <td>0.247226</td>\n",
       "      <td>-0.513061</td>\n",
       "      <td>0.584160</td>\n",
       "    </tr>\n",
       "    <tr>\n",
       "      <th>5</th>\n",
       "      <td>0.250681</td>\n",
       "      <td>-0.130864</td>\n",
       "      <td>-0.318043</td>\n",
       "      <td>0.355983</td>\n",
       "      <td>-0.356083</td>\n",
       "      <td>1.000000</td>\n",
       "      <td>-0.331665</td>\n",
       "      <td>-0.349685</td>\n",
       "      <td>0.258148</td>\n",
       "      <td>-0.101790</td>\n",
       "      <td>0.135136</td>\n",
       "      <td>0.363932</td>\n",
       "      <td>0.052055</td>\n",
       "    </tr>\n",
       "    <tr>\n",
       "      <th>6</th>\n",
       "      <td>0.562340</td>\n",
       "      <td>-0.329142</td>\n",
       "      <td>0.270819</td>\n",
       "      <td>0.101451</td>\n",
       "      <td>-0.141205</td>\n",
       "      <td>-0.331665</td>\n",
       "      <td>1.000000</td>\n",
       "      <td>0.021696</td>\n",
       "      <td>0.125137</td>\n",
       "      <td>0.100438</td>\n",
       "      <td>0.450648</td>\n",
       "      <td>-0.032358</td>\n",
       "      <td>-0.759675</td>\n",
       "    </tr>\n",
       "    <tr>\n",
       "      <th>7</th>\n",
       "      <td>-0.066609</td>\n",
       "      <td>0.549407</td>\n",
       "      <td>0.193279</td>\n",
       "      <td>-0.032603</td>\n",
       "      <td>0.903374</td>\n",
       "      <td>-0.349685</td>\n",
       "      <td>0.021696</td>\n",
       "      <td>1.000000</td>\n",
       "      <td>0.020699</td>\n",
       "      <td>0.360663</td>\n",
       "      <td>0.416303</td>\n",
       "      <td>-0.495195</td>\n",
       "      <td>0.380165</td>\n",
       "    </tr>\n",
       "    <tr>\n",
       "      <th>8</th>\n",
       "      <td>0.265356</td>\n",
       "      <td>0.007335</td>\n",
       "      <td>-0.031156</td>\n",
       "      <td>0.361477</td>\n",
       "      <td>-0.032243</td>\n",
       "      <td>0.258148</td>\n",
       "      <td>0.125137</td>\n",
       "      <td>0.020699</td>\n",
       "      <td>1.000000</td>\n",
       "      <td>0.299262</td>\n",
       "      <td>0.320324</td>\n",
       "      <td>0.128405</td>\n",
       "      <td>-0.240544</td>\n",
       "    </tr>\n",
       "    <tr>\n",
       "      <th>9</th>\n",
       "      <td>0.097234</td>\n",
       "      <td>0.133865</td>\n",
       "      <td>0.263691</td>\n",
       "      <td>-0.069719</td>\n",
       "      <td>0.297539</td>\n",
       "      <td>-0.101790</td>\n",
       "      <td>0.100438</td>\n",
       "      <td>0.360663</td>\n",
       "      <td>0.299262</td>\n",
       "      <td>1.000000</td>\n",
       "      <td>0.190762</td>\n",
       "      <td>-0.335269</td>\n",
       "      <td>0.025159</td>\n",
       "    </tr>\n",
       "    <tr>\n",
       "      <th>10</th>\n",
       "      <td>0.696091</td>\n",
       "      <td>0.216158</td>\n",
       "      <td>0.214625</td>\n",
       "      <td>0.308576</td>\n",
       "      <td>0.247226</td>\n",
       "      <td>0.135136</td>\n",
       "      <td>0.450648</td>\n",
       "      <td>0.416303</td>\n",
       "      <td>0.320324</td>\n",
       "      <td>0.190762</td>\n",
       "      <td>1.000000</td>\n",
       "      <td>-0.199583</td>\n",
       "      <td>-0.298124</td>\n",
       "    </tr>\n",
       "    <tr>\n",
       "      <th>11</th>\n",
       "      <td>0.087200</td>\n",
       "      <td>-0.244469</td>\n",
       "      <td>-0.175892</td>\n",
       "      <td>0.119665</td>\n",
       "      <td>-0.513061</td>\n",
       "      <td>0.363932</td>\n",
       "      <td>-0.032358</td>\n",
       "      <td>-0.495195</td>\n",
       "      <td>0.128405</td>\n",
       "      <td>-0.335269</td>\n",
       "      <td>-0.199583</td>\n",
       "      <td>1.000000</td>\n",
       "      <td>-0.203160</td>\n",
       "    </tr>\n",
       "    <tr>\n",
       "      <th>12</th>\n",
       "      <td>-0.689376</td>\n",
       "      <td>0.470618</td>\n",
       "      <td>-0.409284</td>\n",
       "      <td>-0.401295</td>\n",
       "      <td>0.584160</td>\n",
       "      <td>0.052055</td>\n",
       "      <td>-0.759675</td>\n",
       "      <td>0.380165</td>\n",
       "      <td>-0.240544</td>\n",
       "      <td>0.025159</td>\n",
       "      <td>-0.298124</td>\n",
       "      <td>-0.203160</td>\n",
       "      <td>1.000000</td>\n",
       "    </tr>\n",
       "  </tbody>\n",
       "</table>\n",
       "</div>"
      ],
      "text/plain": [
       "          0         1         2         3         4         5         6   \\\n",
       "0   1.000000  0.019066  0.498610  0.300649 -0.293413  0.250681  0.562340   \n",
       "1   0.019066  1.000000  0.208431 -0.054674  0.500330 -0.130864 -0.329142   \n",
       "2   0.498610  0.208431  1.000000 -0.005407  0.016719 -0.318043  0.270819   \n",
       "3   0.300649 -0.054674 -0.005407  1.000000 -0.070675  0.355983  0.101451   \n",
       "4  -0.293413  0.500330  0.016719 -0.070675  1.000000 -0.356083 -0.141205   \n",
